* INFO
BASIC EXAMPLE -- 3D GENERAL BRICK ELEMENT

* ANALYSIS TYPE
General 3D

* COORDINATES
1    0.0   -1.0    0.0
2    1.0   -1.0    0.0
3    2.0   -1.0    0.0
4    3.0   -1.0    0.0
5    0.0    0.0    0.0
6    1.0    0.0    0.0
7    2.0    0.0    0.0
8    3.0    0.0    0.0
9    0.0    1.0    0.0
10   1.0    1.0    0.0
11   2.0    1.0    0.0
12   3.0    1.0    0.0
13   0.0   -1.0    1.0
14   1.0   -1.0    1.0
15   2.0   -1.0    1.0
16   3.0   -1.0    1.0
17   0.0    0.0    1.0
18   1.0    0.0    1.0
19   2.0    0.0    1.0
20   3.0    0.0    1.0
21   0.0    1.0    1.0
22   1.0    1.0    1.0
23   2.0    1.0    1.0
24   3.0    1.0    1.0


* ELEMENTS
1  1     1  2  6  5  13  14  18  17
2  1     2  3  7  6  14  15  19  18
3  1     3  4  8  7  15  16  20  19
4  1     5  6  10 9  17  18  22  21
5  1     6  7  11 10 18  19  23  22
6  1     7  8  12 11 19  20  24  23

* SECTIONS
1  26.0  0.3


* TRACTION FORCES
3  4  1.0  0.0  0.0
6  4  1.0  0.0  0.0

* BOUNDARY
1  1   0.0
1  2   0.0
1  3   0.0
13 1   0.0
13 2   0.0
5  1   0.0
17 1   0.0
21 1   0.0
9  1   0.0

